                                  # 186
                          0 342
                                          T 80
                                  0 156
                                                          F 21
                                                  0 41
                                                          M 20
                                          0 76
                                                          W 18
                                                  0 35
                                                                          K 5
                                                                  0 9
                                                                                          Z 1
                                                                                  0 2
                                                                                          X 1
                                                                          0 4
                                                                                          Q 1
                                                                                  0 2
                                                                                          J 1
                                                          0 17
                                                                  V 8
                  0 592
                                                  L 32
                                          0 64
                                                  D 32
                                  0 128
                                          A 64
                          0 250
                                          O 63
                                  0 122
                                                          Y 16
                                                  0 31
                                                          P 15
                                          0 59
                                                          G 15
                                                  0 28
                                                          B 13
          0 1000
                                          N 57
                                  0 114
                                          I 57
                          0 217
                                  E 103
                  0 408
                                          S 51
                                  0 99
                                          R 48
                          0 191
                                          H 47
                                  0 92
                                                  U 23
                                          0 45
                                                  C 22
